[gd_scene load_steps=59 format=2]

[ext_resource path="res://assets/environment_tscn/mountain2.tscn" type="PackedScene" id=1]
[ext_resource path="res://assets/environment_tscn/fence.tscn" type="PackedScene" id=2]
[ext_resource path="res://assets/environment_tscn/cowpit.tscn" type="PackedScene" id=3]
[ext_resource path="res://assets/environment_tscn/mountain1.tscn" type="PackedScene" id=4]
[ext_resource path="res://assets/foliage_tscn/tree_orange.tscn" type="PackedScene" id=5]
[ext_resource path="res://assets/farm_tscn/logs_var1.tscn" type="PackedScene" id=6]
[ext_resource path="res://assets/npcs_tscn/npc_defiance.tscn" type="PackedScene" id=7]
[ext_resource path="res://assets/farm_tscn/wooden_cart_var2.tscn" type="PackedScene" id=8]
[ext_resource path="res://assets/environment_tscn/mountain_range1.tscn" type="PackedScene" id=9]
[ext_resource path="res://assets/environment_tscn/dacha_v2.tscn" type="PackedScene" id=10]
[ext_resource path="res://assets/sheds_tscn/pallet.tscn" type="PackedScene" id=11]
[ext_resource path="res://assets/environment_tscn/rocket.tscn" type="PackedScene" id=12]
[ext_resource path="res://assets/sheds_tscn/abandoned_factory_ramps.tscn" type="PackedScene" id=13]
[ext_resource path="res://assets/environment_tscn/mountain_range2.tscn" type="PackedScene" id=14]
[ext_resource path="res://assets/sheds_tscn/abandoned_factory.tscn" type="PackedScene" id=15]
[ext_resource path="res://assets/environment_tscn/boundaries.tscn" type="PackedScene" id=16]
[ext_resource path="res://assets_raw/_textures/grass1.png" type="Texture" id=17]
[ext_resource path="res://assets/farm_tscn/bird_house.tscn" type="PackedScene" id=18]
[ext_resource path="res://assets/farm_tscn/campfire_var1.tscn" type="PackedScene" id=19]
[ext_resource path="res://assets/farm_tscn/storage_destroyed.tscn" type="PackedScene" id=20]
[ext_resource path="res://assets/farm_tscn/wheelbarrow.tscn" type="PackedScene" id=21]
[ext_resource path="res://assets/farm_tscn/wind_mill.tscn" type="PackedScene" id=22]
[ext_resource path="res://assets/farm_tscn/terrain_var6.tscn" type="PackedScene" id=23]
[ext_resource path="res://assets/farm_tscn/feedingbasket_var1.tscn" type="PackedScene" id=25]
[ext_resource path="res://assets/farm_tscn/chicken_coop_var1.tscn" type="PackedScene" id=26]
[ext_resource path="res://assets/farm_tscn/campfire_var2.tscn" type="PackedScene" id=27]
[ext_resource path="res://assets/farm_tscn/tractor_destroyed.tscn" type="PackedScene" id=28]
[ext_resource path="res://assets/environment_tscn/barrel_red.tscn" type="PackedScene" id=29]
[ext_resource path="res://assets/farm_tscn/house_var5.tscn" type="PackedScene" id=30]
[ext_resource path="res://assets/skyscrapers_tscn/building_container.tscn" type="PackedScene" id=31]
[ext_resource path="res://assets/farm_tscn/feedingbasket_var3.tscn" type="PackedScene" id=32]
[ext_resource path="res://assets/environment_tscn/barrel_blue.tscn" type="PackedScene" id=33]
[ext_resource path="res://assets/foliage_tscn/bush_green.tscn" type="PackedScene" id=34]
[ext_resource path="res://assets/farm_tscn/water_post.tscn" type="PackedScene" id=35]
[ext_resource path="res://assets/sheds_tscn/gantry_floor.tscn" type="PackedScene" id=36]
[ext_resource path="res://assets/npcs_tscn/npc_myth.tscn" type="PackedScene" id=37]
[ext_resource path="res://assets/farm_tscn/wooden_cart_var1.tscn" type="PackedScene" id=38]
[ext_resource path="res://assets/environment_tscn/barrel_green.tscn" type="PackedScene" id=39]
[ext_resource path="res://assets/foliage_tscn/bush_orange.tscn" type="PackedScene" id=40]
[ext_resource path="res://assets/npcs_tscn/npc_obsolescence.tscn" type="PackedScene" id=41]
[ext_resource path="res://assets/environment_tscn/pit_sign.tscn" type="PackedScene" id=42]
[ext_resource path="res://assets/npcs_tscn/npc_seeker_sewer.tscn" type="PackedScene" id=44]
[ext_resource path="res://assets/farm_tscn/haybale_var3.tscn" type="PackedScene" id=45]
[ext_resource path="res://assets/environment_tscn/radio1.gd" type="Script" id=46]
[ext_resource path="res://assets/environment_tscn/well.tscn" type="PackedScene" id=47]
[ext_resource path="res://assets/farm_tscn/storage_var5.tscn" type="PackedScene" id=48]
[ext_resource path="res://assets/foliage_tscn/tree_evergreen.tscn" type="PackedScene" id=49]
[ext_resource path="res://assets/npcs_tscn/npc_senescence.tscn" type="PackedScene" id=50]
[ext_resource path="res://assets/npcs_tscn/npc_presence.tscn" type="PackedScene" id=51]
[ext_resource path="res://assets/npcs_tscn/npc_silence.tscn" type="PackedScene" id=52]
[ext_resource path="res://assets/npcs_tscn/npc_riddance.tscn" type="PackedScene" id=53]
[ext_resource path="res://assets/npcs_tscn/npc_annoyance.tscn" type="PackedScene" id=54]
[ext_resource path="res://src/music/arp one_loop.wav" type="AudioStream" id=55]
[ext_resource path="res://src/music/coldheart castle keep_loop.wav" type="AudioStream" id=56]
[ext_resource path="res://src/music/coldheart dancehall_loop.wav" type="AudioStream" id=57]

[sub_resource type="SpatialMaterial" id=68]
albedo_texture = ExtResource( 17 )
uv1_scale = Vector3( 50, 50, 1 )

[sub_resource type="CubeMesh" id=61]
material = SubResource( 68 )
size = Vector3( 400, 2, 400 )

[sub_resource type="ConcavePolygonShape" id=65]
data = PoolVector3Array( -500, 1, 500, 500, 1, 500, -500, -1, 500, 500, 1, 500, 500, -1, 500, -500, -1, 500, 500, 1, -500, -500, 1, -500, 500, -1, -500, -500, 1, -500, -500, -1, -500, 500, -1, -500, 500, 1, 500, 500, 1, -500, 500, -1, 500, 500, 1, -500, 500, -1, -500, 500, -1, 500, -500, 1, -500, -500, 1, 500, -500, -1, -500, -500, 1, 500, -500, -1, 500, -500, -1, -500, 500, 1, 500, -500, 1, 500, 500, 1, -500, -500, 1, 500, -500, 1, -500, 500, 1, -500, -500, -1, 500, 500, -1, 500, -500, -1, -500, 500, -1, 500, 500, -1, -500, -500, -1, -500 )

[node name="Environment_4" type="Spatial"]

[node name="MeshInstance" type="MeshInstance" parent="."]
mesh = SubResource( 61 )
material/0 = null
__meta__ = {
"_edit_lock_": true
}

[node name="StaticBody" type="StaticBody" parent="MeshInstance"]

[node name="CollisionShape" type="CollisionShape" parent="MeshInstance/StaticBody"]
transform = Transform( 0.397974, 0, 0, 0, 1, 0, 0, 0, 0.439274, 0, 0, 0 )
shape = SubResource( 65 )

[node name="DirectionalLight" type="DirectionalLight" parent="."]

[node name="AbandonedFactory" parent="." instance=ExtResource( 15 )]
transform = Transform( -3.98871, 0, -0.300262, -0.0297698, 3.98029, 0.395465, 0.298783, 0.396584, -3.96906, 50.0547, -1.77004, 40.4426 )

[node name="AbandonedFactoryRamps" parent="." instance=ExtResource( 13 )]
transform = Transform( 1.8253, 0, 0.817491, 0, 2, 0, -0.817491, 0, 1.8253, -45.5758, 1, -128.546 )

[node name="leantoA" parent="AbandonedFactoryRamps" index="5"]
transform = Transform( -0.946497, 0.322712, -1.41062e-08, 0, -4.37114e-08, -1, -0.322712, -0.946497, 4.13727e-08, -24.9718, 1.96396, 11.2172 )

[node name="shackA1" parent="AbandonedFactoryRamps" index="7"]
transform = Transform( -1.78814e-07, 1.49012e-07, 1, 1.1842, 1.2918, -6.68365e-09, -1.59568, 0.958672, -1.49012e-07, 21.3642, 1.73128, 4.90751 )

[node name="chainlink_fence1" parent="AbandonedFactoryRamps" index="9"]
transform = Transform( 1, 0, 2.98023e-08, 0, 1, 0, -2.98023e-08, 0, 1, -11.5, 4, 7.11159 )

[node name="chainlink_fence2" parent="AbandonedFactoryRamps" index="10"]
transform = Transform( -1, 0, 1.78814e-07, 0, 1, 0, -1.78814e-07, 0, -1, -14.5359, 4, 7.11156 )

[node name="stairs1" parent="AbandonedFactoryRamps" index="17"]
transform = Transform( -8.34465e-07, 0, -0.999995, 0, 1, 0, 0.999995, 0, -8.34465e-07, -16.4734, 2, -9.70847 )

[node name="wooden_cart_var2" parent="AbandonedFactoryRamps" index="21"]
transform = Transform( 4.47035e-07, 0, 1, 0, 1, 0, -1, 0, 4.47035e-07, -7.97995, 3.97579, 2.99917 )

[node name="logs_var1A" parent="AbandonedFactoryRamps" index="22"]
transform = Transform( 0.83906, 0, 0.544039, 0, 1, 0, -0.544039, 0, 0.83906, -2.79456, 4, -4.06164 )

[node name="logs_var1B" parent="AbandonedFactoryRamps" index="23"]
transform = Transform( 0.444807, 0, 0.895626, 0, 1, 0, -0.895626, 0, 0.444807, 0.120901, 4, -0.732117 )

[node name="logs_var2" parent="AbandonedFactoryRamps" index="24"]
transform = Transform( 0.0465489, 0, 0.998918, 0, 1, 0, -0.998918, 0, 0.0465489, 16.3184, 1.56635, -4.24434 )

[node name="WoodenFrame" parent="AbandonedFactoryRamps" index="25"]
transform = Transform( 0.0112865, 0.0591041, -1.99968, -1.94567, 0.810184, -0.00316246, 0.462835, 3.40442, 0.0354689, 7.42396, 5.20461, -12.3014 )

[node name="rocket2" parent="AbandonedFactoryRamps" index="26"]
transform = Transform( 0.932547, 0.35207, -0.0800448, -0.11902, 0.0904546, -0.988765, -0.340874, 0.931593, 0.126257, 7.40982, 3.70534, -11.7563 )

[node name="barrel_blue1" parent="AbandonedFactoryRamps" instance=ExtResource( 33 )]
transform = Transform( -0.153616, 0, 0.734101, 0, 0.75, 0, -0.734101, 0, -0.153616, -15.1019, 4, 1.92299 )

[node name="barrel_red1" parent="AbandonedFactoryRamps" instance=ExtResource( 29 )]
transform = Transform( 0.675227, 0, 0.326447, 0, 0.75, 0, -0.326447, 0, 0.675227, -16.141, 4, 2.39618 )

[node name="barrel_green1" parent="AbandonedFactoryRamps" instance=ExtResource( 39 )]
transform = Transform( 0.599468, 0.220067, -0.393327, -0.411438, -1.79846e-08, -0.62707, -0.183997, 0.716987, 0.120725, -16.1697, 4.34172, 3.95087 )

[node name="pallet5" parent="AbandonedFactoryRamps" instance=ExtResource( 11 )]
transform = Transform( -0.749994, 0, 1.29903, 0, 1.5, 0, -1.29903, 0, -0.749994, -19.3986, 2.01599, -7.84406 )

[node name="pallet6" parent="AbandonedFactoryRamps" instance=ExtResource( 11 )]
transform = Transform( -0.540358, 0, 1.39928, 0, 1.5, 0, -1.39928, 0, -0.540358, -24.8397, -0.0629187, 3.39165 )

[node name="pallet7" parent="AbandonedFactoryRamps" instance=ExtResource( 11 )]
transform = Transform( -1.46168, 0, 0.336863, 0, 1.5, 0, -0.336863, 0, -1.46168, -23.3017, -0.0654134, -0.990807 )

[node name="pallet8" parent="AbandonedFactoryRamps" instance=ExtResource( 11 )]
transform = Transform( -0.748364, 0, 1.29997, 0, 1.5, 0, -1.29997, 0, -0.748364, -21.2542, -0.0388494, -4.08564 )

[node name="Wooden_Cart_Var1" parent="AbandonedFactoryRamps" instance=ExtResource( 38 )]
transform = Transform( 0.604208, 0, 0.796826, 0, 1, 0, -0.796826, 0, 0.604208, -12.5234, 3.99351e-06, -10.2688 )

[node name="gantry_floor1" parent="AbandonedFactoryRamps" instance=ExtResource( 36 )]
transform = Transform( -0.676793, -0.334388, 1.29621, -0.664445, 1.34481, -1.39814e-07, -1.1621, -0.574167, -0.754896, 1.05563, 2.61092, 9.18325 )

[node name="gantry_floor2" parent="AbandonedFactoryRamps" instance=ExtResource( 36 )]
transform = Transform( 0.676795, 0.334389, -1.29621, -0.664445, 1.34481, -1.00182e-07, 1.1621, 0.574167, 0.754896, -0.26366, 2.61092, 9.91999 )

[node name="rocket1" parent="AbandonedFactoryRamps" instance=ExtResource( 12 )]
transform = Transform( -2.89758e-08, -0.503262, 0.864133, -1, 5.96048e-08, 1.27226e-08, -2.35056e-07, -0.864134, -0.503262, 4.11123, 3.54089, 16.0304 )

[node name="Bird_House" parent="." instance=ExtResource( 18 )]
transform = Transform( 0.999544, 0, 0.0301724, 0, 1, 0, -0.0301724, 0, 0.999544, -3.55489, 1.01898, 4.1688 )

[node name="Boundaries" parent="." instance=ExtResource( 16 )]
transform = Transform( 0.4, 0, 0, 0, 0.5, 0, 0, 0, 0.5, 0, -12.1823, 0 )

[node name="BuildingContainer" parent="." instance=ExtResource( 31 )]
transform = Transform( 1, 0, 0, 0, 1, 0, 0, 0, 1, 6.44379, 8.12997, 268.429 )

[node name="BushGreenCluster1" type="Spatial" parent="."]
transform = Transform( -0.234962, 0, 0.186529, 0, 0.3, 0, -0.186529, 0, -0.234962, -23.096, 1, 5.17738 )

[node name="Bush_Green1" parent="BushGreenCluster1" instance=ExtResource( 34 )]
transform = Transform( 1, 0, 1.19209e-07, 0, 1, 0, -1.19209e-07, 0, 1, 8.1151, 0, -11.3824 )

[node name="Bush_Green2" parent="BushGreenCluster1" instance=ExtResource( 34 )]
transform = Transform( 1, 0, -2.98023e-08, 0, 1, 0, 2.98023e-08, 0, 1, -18.9746, 0, -21.5073 )

[node name="Bush_Green3" parent="BushGreenCluster1" instance=ExtResource( 34 )]
transform = Transform( 0.820691, 0, -0.571373, 0, 1, 0, 0.571373, 0, 0.820691, 3.98244, 0, 20.1411 )

[node name="Bush_Green4" parent="BushGreenCluster1" instance=ExtResource( 34 )]
transform = Transform( 0.820691, 0, -0.571373, 0, 1, 0, 0.571373, 0, 0.820691, 9.18242, 0, 14.4548 )

[node name="BushOrangeCluster1" type="Spatial" parent="."]
transform = Transform( 1, 0, 0, 0, 1, 0, 0, 0, 1, 0, 0, 48.6941 )

[node name="Bush_Orange1" parent="BushOrangeCluster1" instance=ExtResource( 40 )]
transform = Transform( 0.354715, 0, -0.934974, 0, 1, 0, 0.934974, 0, 0.354715, 28.2774, 5.72204e-06, -20.4858 )

[node name="Bush_Orange2" parent="BushOrangeCluster1" instance=ExtResource( 40 )]
transform = Transform( 1, 0, 0, 0, 1, 0, 0, 0, 1, 75.3014, 0, -61.5891 )

[node name="Bush_Orange3" parent="BushOrangeCluster1" instance=ExtResource( 40 )]
transform = Transform( 1, 0, 0, 0, 1, 0, 0, 0, 1, 27.9192, 0, -36.3749 )

[node name="Bush_Orange4" parent="BushOrangeCluster1" instance=ExtResource( 40 )]
transform = Transform( 1, 0, 0, 0, 1, 0, 0, 0, 1, -2.1524, 1.33515e-05, 57.7955 )

[node name="Bush_Orange5" parent="BushOrangeCluster1" instance=ExtResource( 40 )]
transform = Transform( 0.999108, 0, 0.0422244, 0, 1, 0, -0.0422244, 0, 0.999108, -28.8185, 3.8147e-06, 4.79212 )

[node name="Bush_Orange6" parent="BushOrangeCluster1" instance=ExtResource( 40 )]
transform = Transform( -0.48157, 0, -0.876408, 0, 1, 0, 0.876408, 0, -0.48157, -26.3932, 0, 14.3503 )

[node name="Bush_Orange7" parent="BushOrangeCluster1" instance=ExtResource( 40 )]
transform = Transform( 0.52412, 0, 0.851645, 0, 1, 0, -0.851645, 0, 0.52412, -17.4702, 0, 17.7663 )

[node name="BushOrangeCluster2" type="Spatial" parent="."]
transform = Transform( -0.234962, 0, 0.186529, 0, 0.3, 0, -0.186529, 0, -0.234962, 39.3987, 29.8813, 190.053 )

[node name="Bush_Orange1" parent="BushOrangeCluster2" instance=ExtResource( 40 )]
transform = Transform( 1, 0, 5.66244e-07, 0, 1, 0, -5.66244e-07, 0, 1, 21.1884, -2.33601, 32.6215 )

[node name="Bush_Orange2" parent="BushOrangeCluster2" instance=ExtResource( 40 )]
transform = Transform( -0.780388, 0, -0.625299, 0, 1, 0, 0.625299, 0, -0.780388, 120.488, -7.22359, -58.2969 )

[node name="Bush_Orange3" parent="BushOrangeCluster2" instance=ExtResource( 40 )]
transform = Transform( -0.780388, 0, -0.625299, 0, 1, 0, 0.625299, 0, -0.780388, 154.987, -29.8408, -15.2422 )

[node name="Bush_Orange4" parent="BushOrangeCluster2" instance=ExtResource( 40 )]
transform = Transform( -0.761585, 0, 0.648067, 0, 1.00001, 0, -0.648067, 0, -0.761585, 65.6715, -29.8409, 82.9564 )

[node name="Campfire_Var1" parent="." instance=ExtResource( 19 )]
transform = Transform( 0.751816, 0, -0.659371, 0, 1, 0, 0.659371, 0, 0.751816, -28.4161, 1.32184, 37.6823 )

[node name="Campfire_Var2" parent="." instance=ExtResource( 27 )]
transform = Transform( 0.751816, 0, -0.659371, 0, 1, 0, 0.659371, 0, 0.751816, -154.303, 1.45791, -25.2843 )

[node name="Chicken_Coop_Var1A" parent="." instance=ExtResource( 26 )]
transform = Transform( -0.0446546, -0.571451, -0.81942, -0.000976639, 0.820263, -0.571986, 0.999002, -0.0247415, -0.0371866, 3.77468, 0.914556, -19.1104 )

[node name="Chicken_Coop_Var1B" parent="." instance=ExtResource( 26 )]
transform = Transform( 0.979895, -0.0453342, 0.194299, -0.0729737, 0.824935, 0.560498, -0.185694, -0.563407, 0.805041, 19.0402, 0.981931, -21.348 )

[node name="Cowpit" parent="." instance=ExtResource( 3 )]
transform = Transform( 1, 0, 0, 0, 1, 0, 0, 0, 1, 19.8748, 11.0623, 168.114 )

[node name="Tree_Orange1" parent="Cowpit" instance=ExtResource( 5 )]
transform = Transform( 0.867739, 0, -0.497019, 0, 1, 0, 0.497019, 0, 0.867739, 9.46844, -10.8359, 8.57668 )

[node name="Tree_Orange2" parent="Cowpit" instance=ExtResource( 5 )]
transform = Transform( 0.224141, 0, -0.128382, 0, 0.583975, 0, 0.251222, 0, 0.438606, 13.1951, -10.8359, -1.5101 )

[node name="Tree_Orange3" parent="Cowpit" instance=ExtResource( 5 )]
transform = Transform( -0.218568, 0, -0.383166, 0, 0.583975, 0, 0.392057, 0, -0.213612, -2.002, -10.8359, 12.9335 )

[node name="Tree_Orange4" parent="Cowpit" instance=ExtResource( 5 )]
transform = Transform( -0.218568, 0, -0.383166, 0, 0.583975, 0, 0.392057, 0, -0.213612, -2.6171, -10.8359, 0.27594 )

[node name="Tree_Orange5" parent="Cowpit" instance=ExtResource( 5 )]
transform = Transform( -0.445232, 0, -0.0557091, 0, 0.583975, 0, 0.0570017, 0, -0.435135, 1.75796, -10.8359, -1.32576 )

[node name="Tree_Orange6" parent="Cowpit" instance=ExtResource( 5 )]
transform = Transform( 0.361852, 0, -0.932235, 0, 1, 0, 0.932235, 0, 0.361852, -7.51901, -10.8359, -9.64163 )

[node name="Tree_Evergreen1" parent="Cowpit" instance=ExtResource( 49 )]
transform = Transform( 1, 0, 0, 0, 1, 0, 0, 0, 1, -8.9399, -10.8097, 12.3876 )

[node name="Tree_Evergreen2" parent="Cowpit" instance=ExtResource( 49 )]
transform = Transform( 0.655002, 0, 0, 0, 0.592578, 0, 0, 0, 0.627561, 12.7656, -10.8097, 3.10838 )

[node name="Tree_Evergreen3" parent="Cowpit" instance=ExtResource( 49 )]
transform = Transform( 0.655002, 0, 0, 0, 0.592578, 0, 0, 0, 0.627561, 3.8571, -10.8097, 12.5615 )

[node name="Tree_Evergreen4" parent="Cowpit" instance=ExtResource( 49 )]
transform = Transform( 0.60578, 0, -0.795632, 0, 1, 0, 0.795632, 0, 0.60578, -12.569, -10.8097, -5.09908 )

[node name="Tree_Evergreen5" parent="Cowpit" instance=ExtResource( 49 )]
transform = Transform( 0.655002, 0, 0, 0, 0.592578, 0, 0, 0, 0.627561, 3.8571, -10.8097, 12.5615 )

[node name="Tree_Evergreen6" parent="Cowpit" instance=ExtResource( 49 )]
transform = Transform( 0.60578, 0, -0.795632, 0, 1, 0, 0.795632, 0, 0.60578, 6.58425, -10.8097, -7.9673 )

[node name="Tree_Evergreen7" parent="Cowpit" instance=ExtResource( 49 )]
transform = Transform( 0.455021, 0, -0.676999, 0, 0.941193, 0, 0.597625, 0, 0.515455, 7.99477, 14.1903, -42.9395 )

[node name="Tree_Evergreen8" parent="Cowpit" instance=ExtResource( 49 )]
transform = Transform( -0.57289, 0, -0.819632, 0, 1, 0, 0.819632, 0, -0.57289, -12.4666, 14.1903, -42.3804 )

[node name="Tree_Evergreen9" parent="Cowpit" instance=ExtResource( 49 )]
transform = Transform( -0.676885, 0, -0.43592, 0, 0.869122, 0, 0.509533, 0, -0.579095, 19.8102, 14.1903, -37.8884 )

[node name="Tree_Evergreen10" parent="Cowpit" instance=ExtResource( 49 )]
transform = Transform( -0.857075, 0, 0.173085, 0, 0.710966, 0, -0.371813, 0, -0.398982, -21.9283, 14.1903, -40.3907 )

[node name="Tree_Evergreen11" parent="Cowpit" instance=ExtResource( 49 )]
transform = Transform( 0.194012, 0, 0.980999, 0, 1, 0, -0.980999, 0, 0.194012, -19.1463, 17.2309, 14.082 )

[node name="Tree_Evergreen12" parent="Cowpit" instance=ExtResource( 49 )]
transform = Transform( 0.194012, 0, 0.980999, 0, 1, 0, -0.980999, 0, 0.194012, 19.9513, 18.6782, 12.73 )

[node name="Tree_Evergreen13" parent="Cowpit" instance=ExtResource( 49 )]
transform = Transform( 0.638315, 0, 0.0490054, 0, 0.687845, 0, -0.0530737, 0, 0.589387, 16.0103, 18.6782, 17.2789 )

[node name="Bush_Orange1" parent="Cowpit" instance=ExtResource( 40 )]
transform = Transform( 0.325142, 0, -0.379846, 0, 0.5, 0, 0.379846, 0, 0.325142, -2.33248, -10.5372, 9.45869 )

[node name="Bush_Orange2" parent="Cowpit" instance=ExtResource( 40 )]
transform = Transform( -0.247494, 0, -0.43445, 0, 0.5, 0, 0.43445, 0, -0.247494, 3.82524, -10.5372, 8.73761 )

[node name="Bush_Orange3" parent="Cowpit" instance=ExtResource( 40 )]
transform = Transform( -0.247494, 0, -0.43445, 0, 0.5, 0, 0.43445, 0, -0.247494, 7.22149, -10.5372, 4.83014 )

[node name="Bush_Orange4" parent="Cowpit" instance=ExtResource( 40 )]
transform = Transform( -0.247494, 0, -0.43445, 0, 0.5, 0, 0.43445, 0, -0.247494, 8.68612, -10.5372, -2.55913 )

[node name="Bush_Orange5" parent="Cowpit" instance=ExtResource( 40 )]
transform = Transform( -0.247494, 0, -0.43445, 0, 0.5, 0, 0.43445, 0, -0.247494, 1.20036, -10.5372, -8.88692 )

[node name="Bush_Orange6" parent="Cowpit" instance=ExtResource( 40 )]
transform = Transform( -0.247494, 0, -0.43445, 0, 0.5, 0, 0.43445, 0, -0.247494, -1.60609, -10.5372, -4.54941 )

[node name="Cowpit_Sign" parent="." instance=ExtResource( 42 )]
transform = Transform( -0.998037, 0.0488669, -0.0391775, -0.0417118, -0.0519666, 0.997777, 0.0467223, 0.997453, 0.0539029, 25.2592, 1.22411, 115.575 )

[node name="FeedingBasket_Var1A1" parent="." instance=ExtResource( 25 )]
transform = Transform( 0.997743, 0, 0.0671446, 0, 1, 0, -0.0671446, 0, 0.997743, 36.0797, 0.924555, 41.1428 )

[node name="FeedingBasket_Var1A2" parent="." instance=ExtResource( 25 )]
transform = Transform( -0.447806, 0, -0.894131, 0, 1, 0, 0.894131, 0, -0.447806, 18.4578, 0.924555, -16.8715 )

[node name="FeedingBasket_Var1A3" parent="." instance=ExtResource( 25 )]
transform = Transform( 0.788558, 0, -0.61496, 0, 1, 0, 0.61496, 0, 0.788558, -34.142, 0.924555, 14.2685 )

[node name="FeedingBasket_Var3C1" parent="." instance=ExtResource( 32 )]
transform = Transform( 0.997743, 0, 0.0671446, 0, 1, 0, -0.0671446, 0, 0.997743, 65.061, 0.924555, 49.8074 )

[node name="FeedingBasket_Var3C2" parent="." instance=ExtResource( 32 )]
transform = Transform( 0.516518, 0, -0.856276, 0, 1, 0, 0.856276, 0, 0.516518, 11.1545, 0.924555, -13.7968 )

[node name="FeedingBasket_Var3C3" parent="." instance=ExtResource( 32 )]
transform = Transform( 0.997743, 0, 0.0671446, 0, 1, 0, -0.0671446, 0, 0.997743, -8.36692, 0.924555, 3.45873 )

[node name="FenceCluster1" type="Spatial" parent="."]
transform = Transform( -0.783205, 0, 0.621763, 0, 1, 0, -0.621763, 0, -0.783205, -23.7127, 1, 15.472 )

[node name="fence1" parent="FenceCluster1" instance=ExtResource( 2 )]

[node name="fence2" parent="FenceCluster1" instance=ExtResource( 2 )]
transform = Transform( 1, 0, 0, 0, 1, 0, 0, 0, 1, 4, 0, 0 )

[node name="fence3" parent="FenceCluster1" instance=ExtResource( 2 )]
transform = Transform( 1, 0, 0, 0, 1, 0, 0, 0, 1, 8, 0, 0 )

[node name="fence4" parent="FenceCluster1" instance=ExtResource( 2 )]
transform = Transform( -4.37114e-08, 0, -1, 0, 1, 0, 1, 0, -4.37114e-08, 10, 0, 2 )

[node name="fence5" parent="FenceCluster1" instance=ExtResource( 2 )]
transform = Transform( -4.37114e-08, 0, -1, 0, 1, 0, 1, 0, -4.37114e-08, 10, 0, 6 )

[node name="fence6" parent="FenceCluster1" instance=ExtResource( 2 )]
transform = Transform( 1, 0, 0, 0, 1, 0, 0, 0, 1, 0, 0, 16 )

[node name="fence7" parent="FenceCluster1" instance=ExtResource( 2 )]
transform = Transform( 1, 0, 0, 0, 1, 0, 0, 0, 1, 4, 0, 16 )

[node name="fence8" parent="FenceCluster1" instance=ExtResource( 2 )]
transform = Transform( 1, 0, 0, 0, 1, 0, 0, 0, 1, 8, 0, 16 )

[node name="fence9" parent="FenceCluster1" instance=ExtResource( 2 )]
transform = Transform( -4.37114e-08, 0, -1, 0, 1, 0, 1, 0, -4.37114e-08, -2, 0, 2 )

[node name="fence10" parent="FenceCluster1" instance=ExtResource( 2 )]
transform = Transform( -0.28527, 0, -0.958446, 0, 1, 0, 0.958446, 0, -0.28527, -2.5786, 0, 5.87482 )

[node name="fence11" parent="FenceCluster1" instance=ExtResource( 2 )]
transform = Transform( -4.37114e-08, 0, -1, 0, 1, 0, 1, 0, -4.37114e-08, 10, 0, 10 )

[node name="fence12" parent="FenceCluster1" instance=ExtResource( 2 )]
transform = Transform( -4.37114e-08, 0, -1, 0, 1, 0, 1, 0, -4.37114e-08, 10, 0, 14 )

[node name="fence13" parent="FenceCluster1" instance=ExtResource( 2 )]
transform = Transform( -5.96046e-08, 0, -1, 0, 1, 0, 1, 0, -5.96046e-08, -2, 0, 14 )

[node name="FenceCluster2" type="Spatial" parent="."]
transform = Transform( 0.99832, 0, 0.0579296, 0, 1, 0, -0.0579296, 0, 0.99832, 5.91997, 1, -23.2391 )

[node name="fence14" parent="FenceCluster2" instance=ExtResource( 2 )]
transform = Transform( 1, 0, -4.47035e-08, 0, 1, 0, 4.47035e-08, 0, 1, 0.84131, 0, -0.28598 )

[node name="fence15" parent="FenceCluster2" instance=ExtResource( 2 )]
transform = Transform( 1, 0, -4.47035e-08, 0, 1, 0, 4.47035e-08, 0, 1, 4.84133, 0, -0.285984 )

[node name="fence16" parent="FenceCluster2" instance=ExtResource( 2 )]
transform = Transform( 1, 0, -4.47035e-08, 0, 1, 0, 4.47035e-08, 0, 1, 8.8413, 0, -0.28598 )

[node name="fence17" parent="FenceCluster2" instance=ExtResource( 2 )]
transform = Transform( 1, 0, -4.47035e-08, 0, 1, 0, 4.47035e-08, 0, 1, 12.8413, 0, -0.285992 )

[node name="fence18" parent="FenceCluster2" instance=ExtResource( 2 )]
transform = Transform( 1, 0, -3.72529e-08, 0, 1, 0, 3.72529e-08, 0, 1, -3.15869, 0, -0.28598 )

[node name="fence19" parent="FenceCluster2" instance=ExtResource( 2 )]
transform = Transform( 1, 0, -3.72529e-08, 0, 1, 0, 3.72529e-08, 0, 1, 16.8413, 0, -0.285992 )

[node name="fence20" parent="FenceCluster2" instance=ExtResource( 2 )]
transform = Transform( -4.47035e-08, 0, -1, 0, 1, 0, 1, 0, -4.47035e-08, 18.8791, 9.53674e-07, 1.69027 )

[node name="fence21" parent="FenceCluster2" instance=ExtResource( 2 )]
transform = Transform( -4.47035e-08, 0, -1, 0, 1, 0, 1, 0, -4.47035e-08, 18.8791, 9.53674e-07, 5.69027 )

[node name="fence22" parent="FenceCluster2" instance=ExtResource( 2 )]
transform = Transform( -4.47035e-08, 0, -1, 0, 1, 0, 1, 0, -4.47035e-08, 18.8791, 9.53674e-07, 9.69027 )

[node name="fence23" parent="FenceCluster2" instance=ExtResource( 2 )]
transform = Transform( -4.47035e-08, 0, -1, 0, 1, 0, 1, 0, -4.47035e-08, -5.12092, 9.53674e-07, 1.69027 )

[node name="fence24" parent="FenceCluster2" instance=ExtResource( 2 )]
transform = Transform( -4.47035e-08, 0, -1, 0, 1, 0, 1, 0, -4.47035e-08, -5.12092, 9.53674e-07, 5.69027 )

[node name="fence25" parent="FenceCluster2" instance=ExtResource( 2 )]
transform = Transform( -4.47035e-08, 0, -1, 0, 1, 0, 1, 0, -4.47035e-08, -5.12091, 9.53674e-07, 9.69027 )

[node name="fence30" parent="FenceCluster2" instance=ExtResource( 2 )]
transform = Transform( -4.47035e-08, 0, -1, 0, 1, 0, 1, 0, -4.47035e-08, 18.8791, 9.53674e-07, 13.6903 )

[node name="fence31" parent="FenceCluster2" instance=ExtResource( 2 )]
transform = Transform( -4.47035e-08, 0, -1, 0, 1, 0, 1, 0, -4.47035e-08, -5.12092, 9.53674e-07, 13.6903 )

[node name="fence26" parent="FenceCluster2" instance=ExtResource( 2 )]
transform = Transform( 1, 0, -4.47035e-08, 0, 1, 0, 4.47035e-08, 0, 1, 0.84131, 0, 15.714 )

[node name="fence27" parent="FenceCluster2" instance=ExtResource( 2 )]
transform = Transform( 1, 0, -4.47035e-08, 0, 1, 0, 4.47035e-08, 0, 1, 12.8413, 0, 15.714 )

[node name="fence32" parent="FenceCluster2" instance=ExtResource( 2 )]
transform = Transform( 0.879342, 0, 0.476192, 0, 1, 0, -0.476192, 0, 0.879342, 9.05936, 0, 16.6688 )

[node name="fence28" parent="FenceCluster2" instance=ExtResource( 2 )]
transform = Transform( 1, 0, -3.72529e-08, 0, 1, 0, 3.72529e-08, 0, 1, -3.15869, 0, 15.7141 )

[node name="fence29" parent="FenceCluster2" instance=ExtResource( 2 )]
transform = Transform( 1, 0, -3.72529e-08, 0, 1, 0, 3.72529e-08, 0, 1, 16.8413, 0, 15.714 )

[node name="Haybale_Var3C1" parent="." instance=ExtResource( 45 )]
transform = Transform( 0.841124, 0, 0.540842, 0, 1, 0, -0.540842, 0, 0.841124, -40.7561, 1.99268, 12.9645 )

[node name="Haybale_Var3C2" parent="." instance=ExtResource( 45 )]
transform = Transform( 0.0395912, 0, 0.999216, 0, 1, 0, -0.999216, 0, 0.0395912, -22.6638, 1.99268, 21.6137 )

[node name="Storage_Destroyed4" parent="." instance=ExtResource( 20 )]
transform = Transform( 0.870364, 0, 0.492408, 0, 1, 0, -0.492408, 0, 0.870364, -36.8386, 0.96944, 23.0384 )

[node name="Storage_Destroyed6" parent="." instance=ExtResource( 20 )]
transform = Transform( -0.698658, 0, -0.0433319, 0, 0.7, 0, 0.0433319, 0, -0.698658, 59.3468, 1.06611, -132.56 )

[node name="Storage_Destroyed5" parent="." instance=ExtResource( 20 )]
transform = Transform( 0.583579, 0, -0.38657, 0, 0.7, 0, 0.38657, 0, 0.583579, 74.6016, 1.06611, -130.072 )

[node name="Storage_Destroyed" parent="." instance=ExtResource( 20 )]
transform = Transform( -0.398667, 0, 0.575382, 0, 0.7, 0, -0.575382, 0, -0.398667, 83.9086, 1.06611, -117.027 )

[node name="House_Var3C3" parent="." instance=ExtResource( 30 )]
transform = Transform( 0.936672, 0, 0.350207, 0, 1, 0, -0.350207, 0, 0.936672, -156.542, 0, 3.35256 )

[node name="Logs_Var1" parent="." instance=ExtResource( 6 )]
transform = Transform( -0.998471, 0, 0.0552631, 0, 1, 0, -0.0552631, 0, -0.998471, 37.7914, 1.01913, 59.6015 )

[node name="Logs_Var3" parent="." instance=ExtResource( 6 )]
transform = Transform( 0.997804, 0, 0.0662397, 0, 1, 0, -0.0662397, 0, 0.997804, -42.671, 1.18283, 25.4005 )

[node name="Mountain1A1" parent="." instance=ExtResource( 4 )]
transform = Transform( 4.53654, 0, -2.10233, 0, 5, 0, 2.10233, 0, 4.53654, 63.4018, 0.917508, -182.276 )

[node name="Mountain2B1" parent="." instance=ExtResource( 1 )]
transform = Transform( -2.15264, 0, 4.51289, 0, 5, 0, -4.51289, 0, -2.15264, -173.975, 0.917555, 11.2025 )

[node name="Mountain_Range1A1" parent="." instance=ExtResource( 9 )]
transform = Transform( 2.45124, 0, 4.3579, 0, 5, 0, -4.3579, 0, 2.45124, -85.2735, 0.917531, 12.8655 )

[node name="Mountain_Range1A2" parent="." instance=ExtResource( 9 )]
transform = Transform( 4.58024, 0, 2.00534, 0, 5, 0, -2.00534, 0, 4.58024, 90.4637, 0.917539, 109.021 )

[node name="Storage_Destroyed3" parent="Mountain_Range1A2" instance=ExtResource( 20 )]
transform = Transform( 0.345454, 0, 0.158615, 0, 0.471518, 0, -0.122569, 0, 0.447046, -7.35805, 6.60041, 0.336706 )

[node name="Tree_Orange1" parent="Mountain_Range1A2" instance=ExtResource( 5 )]
transform = Transform( 0.0816601, 0, -0.251869, 0, 0.265837, 0, 0.34515, 0, 0.0595904, -4.84499, 6.60041, -1.18086 )

[node name="Tree_Orange2" parent="Mountain_Range1A2" instance=ExtResource( 5 )]
transform = Transform( -0.319064, 0, -0.113038, 0, 0.265837, 0, 0.154902, 0, -0.232833, -0.716215, 6.60041, -0.39665 )

[node name="Tree_Orange3" parent="Mountain_Range1A2" instance=ExtResource( 5 )]
transform = Transform( 0.303296, 0, 0.134177, 0, 0.265837, 0, -0.183871, 0, 0.221326, 3.09928, 6.60041, -2.36365 )

[node name="Tree_Orange4" parent="Mountain_Range1A2" instance=ExtResource( 5 )]
transform = Transform( 0.303296, 0, 0.134177, 0, 0.265837, 0, -0.183871, 0, 0.221326, 5.95507, 6.60041, 0.515491 )

[node name="Tree_Orange5" parent="Mountain_Range1A2" instance=ExtResource( 5 )]
transform = Transform( 0.303296, 0, 0.134177, 0, 0.265837, 0, -0.183871, 0, 0.221326, -22.6528, 6.60041, -5.53753 )

[node name="Tree_Orange6" parent="Mountain_Range1A2" instance=ExtResource( 5 )]
transform = Transform( -0.0520086, 0, 0.256024, 0, 0.265837, 0, -0.350845, 0, -0.0379526, -30.3172, 6.60041, -5.91098 )

[node name="Tree_Orange7" parent="Mountain_Range1A2" instance=ExtResource( 5 )]
transform = Transform( -0.0114378, 0, 0.258688, 0, 0.265837, 0, -0.354494, 0, -0.00834664, -29.7863, 6.60041, -12.175 )

[node name="Tree_Orange8" parent="Mountain_Range1A2" instance=ExtResource( 5 )]
transform = Transform( 0.206356, 0, 0.210506, 0, 0.265837, 0, -0.288469, 0, 0.150585, -35.9574, 6.60041, -14.3718 )

[node name="Water_Post" parent="Mountain_Range1A2" instance=ExtResource( 35 )]
transform = Transform( 0.220442, 0.726249, 0.0157531, -0.0123541, 0.0172724, -0.760983, -1.09926, 0.145446, 0.0117127, -27.9275, 7.56209, -9.38234 )

[node name="Mountain_Range1A3" parent="." instance=ExtResource( 9 )]
transform = Transform( 4.81189, 0, 1.35855, 0, 5, 0, -1.35855, 0, 4.81189, -10.53, 0.917539, -41.7942 )

[node name="Mountain_Range2B1" parent="." instance=ExtResource( 14 )]
transform = Transform( -4.72915, 0, 1.6233, 0, 5, 0, -1.6233, 0, -4.72915, -57.8208, 0.917531, 119.991 )

[node name="Mountain_Range2B2" parent="." instance=ExtResource( 14 )]
transform = Transform( -2.35121, 0, 4.41269, 0, 5, 0, -4.41269, 0, -2.35121, 140.923, 0.917539, -52.9214 )

[node name="Storage_Var5" parent="." instance=ExtResource( 48 )]
transform = Transform( 1, 0, 0, 0, 1, 0, 0, 0, 1, 62.3741, 1.3525, 30.0536 )

[node name="Storage_Destroyed1" parent="." instance=ExtResource( 20 )]
transform = Transform( 0.871565, 0, -0.49028, 0, 1, 0, 0.49028, 0, 0.871565, 56.7107, 0, 20.8339 )

[node name="Storage_Destroyed2" parent="." instance=ExtResource( 20 )]
transform = Transform( -0.422286, 0, 0.906463, 0, 1, 0, -0.906463, 0, -0.422286, -151.926, 0, 14.8214 )

[node name="Storage_Destroyed3" parent="." instance=ExtResource( 20 )]
transform = Transform( 0.0188944, 0, -1.14914, 0, 1.2386, 0, 1.4695, 0, 0.0111875, 9.36835, 9.53674e-07, 170.956 )

[node name="Terrain_Var6" parent="." instance=ExtResource( 23 )]
transform = Transform( -2.32036e-07, 0, -5.20645, 0, 4.23872, 0, 5.30836, 0, -2.27581e-07, 102.48, 0.281311, 35.6771 )

[node name="Terrain_Var6A1" parent="." instance=ExtResource( 23 )]
transform = Transform( 3, 0, 0, 0, 1, 0, 0, 0, 3, -29.8936, 0.965934, 37.1003 )

[node name="Terrain_Var6A2" parent="." instance=ExtResource( 23 )]
transform = Transform( 1.93173, 0, -2.2953, 0, 1, 0, 2.2953, 0, 1.93173, -154.209, 0.965934, -26.4152 )

[node name="Tractor_Destroyed" parent="." instance=ExtResource( 28 )]
transform = Transform( 0.923197, 0, -0.384327, 0, 1, 0, 0.384327, 0, 0.923197, -25.6477, 0.58462, -101.555 )

[node name="TreeOrangeCluster1" type="Spatial" parent="."]

[node name="Tree_Orange" parent="TreeOrangeCluster1" instance=ExtResource( 5 )]
transform = Transform( 1.10806, 0, -0.505615, 0, 1.24355, 0, 0.614916, 0, 0.911103, -52.4585, 0.851521, -4.7429 )

[node name="Tree_Orange2" parent="TreeOrangeCluster1" instance=ExtResource( 5 )]
transform = Transform( 0.814399, 0, 0.580305, 0, 1, 0, -0.580305, 0, 0.814399, 22.591, 0.851521, 37.962 )

[node name="Tree_Orange3" parent="TreeOrangeCluster1" instance=ExtResource( 5 )]
transform = Transform( 0.847993, 0, 0.737394, 0, 1.24355, 0, -0.605851, 0, 1.03211, -62.6507, 0.851523, 44.3313 )

[node name="Tree_Orange4" parent="TreeOrangeCluster1" instance=ExtResource( 5 )]
transform = Transform( 0.509417, 0, -0.860519, 0, 1, 0, 0.860519, 0, 0.509417, 18.1283, 0.851519, -31.0975 )

[node name="Tree_Orange5" parent="TreeOrangeCluster1" instance=ExtResource( 5 )]
transform = Transform( 1.10806, 0, -0.505615, 0, 1.24355, 0, 0.614916, 0, 0.911103, -8.43679, 0.851521, 68.4256 )

[node name="Tree_Orange6" parent="TreeOrangeCluster1" instance=ExtResource( 5 )]
transform = Transform( 0.814399, 0, 0.580305, 0, 1, 0, -0.580305, 0, 0.814399, 49.3328, 0.851521, -35.6051 )

[node name="Tree_Orange7" parent="TreeOrangeCluster1" instance=ExtResource( 5 )]
transform = Transform( 0.813669, 0, 0.581328, 0, 1, 0, -0.581328, 0, 0.813669, -50.2086, 0.851523, 87.4722 )

[node name="Tree_Orange8" parent="TreeOrangeCluster1" instance=ExtResource( 5 )]
transform = Transform( 0.771547, 0, -0.636172, 0, 1, 0, 0.636172, 0, 0.771547, -37.8007, 0.851519, 2.48849 )

[node name="TreeOrangeCluster2" type="Spatial" parent="."]
transform = Transform( -0.849699, 0, -0.527267, 0, 1, 0, 0.527267, 0, -0.849699, 71.366, 1.52588e-05, -12.5154 )

[node name="Tree_Orange" parent="TreeOrangeCluster2" instance=ExtResource( 5 )]
transform = Transform( 0.874383, 0, -0.485237, 0, 1, 0, 0.485237, 0, 0.874383, -23.2009, 0.851521, -11.1911 )

[node name="Tree_Orange2" parent="TreeOrangeCluster2" instance=ExtResource( 5 )]
transform = Transform( 0.905139, 0, 0.602425, 0, 1.26463, 0, -0.644963, 0, 0.845442, -2.51353, 0.85151, 35.5824 )

[node name="Tree_Orange3" parent="TreeOrangeCluster2" instance=ExtResource( 5 )]
transform = Transform( 0.813669, 0, 0.581328, 0, 1, 0, -0.581328, 0, 0.813669, -37.8023, 0.851523, 23.6499 )

[node name="Tree_Orange4" parent="TreeOrangeCluster2" instance=ExtResource( 5 )]
transform = Transform( 0.771547, 0, -0.636172, 0, 1, 0, 0.636172, 0, 0.771547, 67.981, 0.851515, 7.9243 )

[node name="Tree_Orange5" parent="TreeOrangeCluster2" instance=ExtResource( 5 )]
transform = Transform( 0.874383, 0, -0.485237, 0, 1, 0, 0.485237, 0, 0.874383, 20.1524, 0.851525, 31.5453 )

[node name="Tree_Orange6" parent="TreeOrangeCluster2" instance=ExtResource( 5 )]
transform = Transform( 0.905139, 0, 0.602425, 0, 1.26463, 0, -0.644963, 0, 0.845442, -11.0056, 0.851521, 63.3091 )

[node name="Tree_Orange7" parent="TreeOrangeCluster2" instance=ExtResource( 5 )]
transform = Transform( 0.813669, 0, 0.581328, 0, 1, 0, -0.581328, 0, 0.813669, -48.5904, 0.851523, 62.3923 )

[node name="Tree_Orange8" parent="TreeOrangeCluster2" instance=ExtResource( 5 )]
transform = Transform( 0.830981, 0, -0.632401, 0, 1.26463, 0, 0.685178, 0, 0.766973, -20.774, 0.851519, 2.33791 )

[node name="Tree_Orange9" parent="TreeOrangeCluster2" instance=ExtResource( 5 )]
transform = Transform( 0.830981, 0, -0.6324, 0, 1.26463, 0, 0.685177, 0, 0.766973, 97.5223, 0.958489, 8.10621 )

[node name="TreeOrangeCluster3" type="Spatial" parent="."]
transform = Transform( 0.488713, 0, -0.872445, 0, 1, 0, 0.872445, 0, 0.488713, 5.71078, -1.52588e-05, -89.6847 )

[node name="Tree_Orange" parent="TreeOrangeCluster3" instance=ExtResource( 5 )]
transform = Transform( 0.874383, 0, -0.485237, 0, 1, 0, 0.485237, 0, 0.874383, 62.7248, 0.851521, -45.1655 )

[node name="Tree_Orange2" parent="TreeOrangeCluster3" instance=ExtResource( 5 )]
transform = Transform( 0.821296, 0, 0.670031, 0, 1.2057, 0, -0.585219, 0, 0.94032, 105.786, 0.851521, 139.074 )

[node name="Tree_Orange3" parent="TreeOrangeCluster3" instance=ExtResource( 5 )]
transform = Transform( 0.813669, 0, 0.581328, 0, 1, 0, -0.581328, 0, 0.813669, 54.1549, 0.851531, 52.3348 )

[node name="Tree_Orange4" parent="TreeOrangeCluster3" instance=ExtResource( 5 )]
transform = Transform( 0.771547, 0, -0.636172, 0, 1, 0, 0.636172, 0, 0.771547, 50.0651, 0.851515, 69.9805 )

[node name="Tree_Orange5" parent="TreeOrangeCluster3" instance=ExtResource( 5 )]
transform = Transform( 0.998339, 0, -0.511914, 0, 1.2057, 0, 0.554026, 0, 0.922454, 57.6998, 0.851521, -57.1181 )

[node name="Tree_Orange6" parent="TreeOrangeCluster3" instance=ExtResource( 5 )]
transform = Transform( 0.814399, 0, 0.580305, 0, 1, 0, -0.580305, 0, 0.814399, 87.6978, 0.851521, 110.096 )

[node name="Tree_Orange7" parent="TreeOrangeCluster3" instance=ExtResource( 5 )]
transform = Transform( 0.813669, 0, 0.581328, 0, 1, 0, -0.581328, 0, 0.813669, 53.2819, 0.851523, 32.8503 )

[node name="Tree_Orange8" parent="TreeOrangeCluster3" instance=ExtResource( 5 )]
transform = Transform( 0.887877, 0, -0.653278, 0, 1.2057, 0, 0.732091, 0, 0.792293, 52.6927, 0.851519, 106.658 )

[node name="TreeOrangeCluster4" type="Spatial" parent="."]
transform = Transform( -0.417946, 0, 0.908472, 0, 1, 0, -0.908472, 0, -0.417946, 40.7977, -7.62939e-06, 41.5451 )

[node name="Tree_Orange" parent="TreeOrangeCluster4" instance=ExtResource( 5 )]
transform = Transform( 0.795336, 0, -0.606169, 0, 1, 0, 0.606169, 0, 0.795336, 57.222, 0.851521, 65.3139 )

[node name="Tree_Orange2" parent="TreeOrangeCluster4" instance=ExtResource( 5 )]
transform = Transform( 0.88952, 0, 0.456896, 0, 1, 0, -0.456896, 0, 0.88952, 19.4631, 0.851521, 39.0031 )

[node name="Tree_Orange3" parent="TreeOrangeCluster4" instance=ExtResource( 5 )]
transform = Transform( 0.813669, 0, 0.581328, 0, 1, 0, -0.581328, 0, 0.813669, -49.9866, 0.851523, 20.6176 )

[node name="Tree_Orange4" parent="TreeOrangeCluster4" instance=ExtResource( 5 )]
transform = Transform( 0.755896, 0, -0.77623, 0, 1.16707, 0, 0.623267, 0, 0.941408, 6.24671, 0.851519, -90.0482 )

[node name="Tree_Orange5" parent="TreeOrangeCluster4" instance=ExtResource( 5 )]
transform = Transform( 0.874383, 0, -0.485237, 0, 1, 0, 0.485237, 0, 0.874383, 8.47947, 0.851521, 90.1304 )

[node name="Tree_Orange6" parent="TreeOrangeCluster4" instance=ExtResource( 5 )]
transform = Transform( 1.08283, 0, 0.59961, 0, 1.16707, 0, -0.77158, 0, 0.841491, -18.018, 0.851521, 97.8997 )

[node name="Tree_Orange7" parent="TreeOrangeCluster4" instance=ExtResource( 5 )]
transform = Transform( 0.813669, 0, 0.581328, 0, 1, 0, -0.581328, 0, 0.813669, 12.6051, 0.851519, 77.8722 )

[node name="Tree_Orange8" parent="TreeOrangeCluster4" instance=ExtResource( 5 )]
transform = Transform( 0.771547, 0, -0.636172, 0, 1, 0, 0.636172, 0, 0.771547, 27.9894, 0.851519, 29.5517 )

