[gd_scene load_steps=18 format=2]

[ext_resource path="res://src/gui/game_score.gd" type="Script" id=1]
[ext_resource path="res://assets/cheat_tscn/sewer_interior_v2.tscn" type="PackedScene" id=2]
[ext_resource path="res://environment/world_castle_environment.tres" type="Environment" id=3]
[ext_resource path="res://src/gui/LSA_theme.tres" type="Theme" id=4]
[ext_resource path="res://assets_raw/raw_assets_cheat/abyss_perimeter.glb" type="PackedScene" id=5]
[ext_resource path="res://levels/world_saloon.gd" type="Script" id=6]
[ext_resource path="res://player/player.tscn" type="PackedScene" id=7]
[ext_resource path="res://environment/world_2_environment.tscn" type="PackedScene" id=8]
[ext_resource path="res://src/sfx/amb_loops/amb.tscn" type="PackedScene" id=9]
[ext_resource path="res://src/gui/gui.tscn" type="PackedScene" id=10]
[ext_resource path="res://assets/npcs_tscn/npc_urn.tscn" type="PackedScene" id=11]
[ext_resource path="res://assets/npcs_tscn/npc_seeker_sewer.tscn" type="PackedScene" id=12]
[ext_resource path="res://assets/cheat_tscn/barstool.tscn" type="PackedScene" id=13]
[ext_resource path="res://assets/cheat_tscn/bar_table.tscn" type="PackedScene" id=14]
[ext_resource path="res://assets/cheat_tscn/bar.tscn" type="PackedScene" id=15]
[ext_resource path="res://levels/environment_2.tscn" type="PackedScene" id=16]

[sub_resource type="BoxShape" id=60]
extents = Vector3( 1000, 0.8, 1000 )

[node name="World_Saloon" type="Spatial"]
script = ExtResource( 6 )

[node name="Player" parent="." instance=ExtResource( 7 )]
transform = Transform( 1, 0, 0, 0, 1, 0, 0, 0, 1, 0, 2.59547, 6.5 )

[node name="WorldEnvironment" parent="." instance=ExtResource( 8 )]
environment = ExtResource( 3 )

[node name="DirectionalLight" type="DirectionalLight" parent="."]

[node name="Env" parent="." instance=ExtResource( 9 )]

[node name="Environment_2" parent="." instance=ExtResource( 16 )]

[node name="Death" type="Area" parent="."]
transform = Transform( 1, 0, 0, 0, 1, 0, 0, 0, 1, 0, -10.4023, 0 )
monitorable = false

[node name="WaterCollisionShape" type="CollisionShape" parent="Death"]
transform = Transform( 1, 0, 0, 0, 1, 0, 0, 0, 1, 0, -4.33513, 0 )
shape = SubResource( 60 )

[node name="Score" type="Area" parent="."]
transform = Transform( 1, 0, 0, 0, 1, 0, 0, 0, 1, 0, -7.16223, 0 )
monitorable = false

[node name="WaterCollisionShape" type="CollisionShape" parent="Score"]
transform = Transform( 1, 0, 0, 0, 1, 0, 0, 0, 1, 0, -4.33513, 0 )
shape = SubResource( 60 )

[node name="GUI" parent="." instance=ExtResource( 10 )]

[node name="GameScore" type="Label" parent="."]
visible = false
margin_left = 21.0
margin_top = 21.0
margin_right = 162.0
margin_bottom = 69.0
theme = ExtResource( 4 )
script = ExtResource( 1 )

[node name="Urn" parent="." instance=ExtResource( 11 )]
transform = Transform( -0.173665, 0, -0.984805, 0, 1, 0, 0.984805, 0, -0.173665, 1.0715, 3.17157, 5.4328 )
dialog_index = 2

[node name="Seeker" parent="." instance=ExtResource( 12 )]
transform = Transform( 1, 0, 0, 0, 1, 0, 0, 0, 1, 0, 3.11712, -7.31977 )

[node name="abyss_perimeter" parent="." instance=ExtResource( 5 )]
transform = Transform( 0.2, 0, 0, 0, 0.271223, 0, 0, 0, 0.2, 0, 0.804748, 0 )

[node name="sewer_interior_v2" parent="." instance=ExtResource( 2 )]
transform = Transform( -1, 0, -8.74228e-08, 0, 1, 0, 8.74228e-08, 0, -1, 0, 1.01666, 0 )

[node name="bar" parent="." instance=ExtResource( 15 )]
transform = Transform( -4.37114e-08, 0, -1, 0, 1, 0, 1, 0, -4.37114e-08, 4.46482, 3.13545, 2.0556 )

[node name="bar2" parent="." instance=ExtResource( 15 )]
transform = Transform( -4.37114e-08, 0, -1, 0, 1, 0, 1, 0, -4.37114e-08, 4.46482, 3.13545, -2.41088 )

[node name="bar_table" parent="." instance=ExtResource( 14 )]
transform = Transform( 0.998684, 0, -0.0512902, 0, 1, 0, 0.0512902, 0, 0.998684, -4.93994, 3.13545, -0.170341 )

[node name="bar_table2" parent="." instance=ExtResource( 14 )]
transform = Transform( -0.965926, 0, -0.258819, 0, 1, 0, 0.258819, 0, -0.965926, -4.55194, 3.13545, 3.82966 )

[node name="bar_table3" parent="." instance=ExtResource( 14 )]
transform = Transform( -0.984856, 0, 0.173373, 0, 1, 0, -0.173373, 0, -0.984856, -4.55194, 3.13545, -3.96194 )

[node name="barstool" parent="." instance=ExtResource( 13 )]
transform = Transform( -0.582804, 0, 0.812613, 0, 1, 0, -0.812613, 0, -0.582804, -5.25551, 3.13545, -2.55455 )

[node name="barstool2" parent="." instance=ExtResource( 13 )]
transform = Transform( 0.174095, 0, 0.984729, 0, 1, 0, -0.984729, 0, 0.174095, -4.65195, 3.13545, -1.54482 )

[node name="barstool3" parent="." instance=ExtResource( 13 )]
transform = Transform( 0.0740039, 0, 0.997258, 0, 1, 0, -0.997258, 0, 0.0740039, -4.33432, 3.13545, -5.40165 )

[node name="barstool4" parent="." instance=ExtResource( 13 )]
transform = Transform( -0.516832, 0, 0.856087, 0, 1, 0, -0.856087, 0, -0.516832, -5.07936, 3.13545, 1.26001 )

[node name="barstool5" parent="." instance=ExtResource( 13 )]
transform = Transform( 0.253775, 0, 0.967264, 0, 1, 0, -0.967264, 0, 0.253775, -4.73847, 3.13545, 2.42631 )

[node name="barstool6" parent="." instance=ExtResource( 13 )]
transform = Transform( -0.308951, 0, 0.951078, 0, 1, 0, -0.951078, 0, -0.308951, -4.42454, 3.13545, 5.26866 )

[connection signal="body_entered" from="Score" to="GameScore" method="_on_Score_body_entered"]

[editable path="Environment_2"]
[editable path="GUI"]
