[gd_scene load_steps=20 format=2]

[ext_resource path="res://levels/world_cheat.gd" type="Script" id=1]
[ext_resource path="res://assets/npcs_tscn/npc.gd" type="Script" id=2]
[ext_resource path="res://environment/world_castle_environment.tres" type="Environment" id=3]
[ext_resource path="res://src/gui/LSA_theme.tres" type="Theme" id=4]
[ext_resource path="res://assets/npcs_tscn/npc_urn.gd" type="Script" id=5]
[ext_resource path="res://src/gui/game_score.gd" type="Script" id=6]
[ext_resource path="res://src/gui/gui.tscn" type="PackedScene" id=7]
[ext_resource path="res://player/player.tscn" type="PackedScene" id=8]
[ext_resource path="res://environment/world_2_environment.tscn" type="PackedScene" id=9]
[ext_resource path="res://assets/environment_tscn/cellar_wall.tscn" type="PackedScene" id=10]
[ext_resource path="res://assets/npcs_tscn/npc_spider.tscn" type="PackedScene" id=11]
[ext_resource path="res://levels/environment_2.tscn" type="PackedScene" id=12]
[ext_resource path="res://assets/npcs_tscn/npc_red_flower.tscn" type="PackedScene" id=13]
[ext_resource path="res://assets/npcs_tscn/npc_urn.tscn" type="PackedScene" id=14]
[ext_resource path="res://assets/environment_tscn/rock_void_var1.tscn" type="PackedScene" id=15]
[ext_resource path="res://src/sfx/amb_loops/amb.tscn" type="PackedScene" id=16]
[ext_resource path="res://assets/npcs_tscn/npc_graves.tscn" type="PackedScene" id=17]
[ext_resource path="res://assets/cheat_tscn/castle_perimeter.tscn" type="PackedScene" id=18]

[sub_resource type="BoxShape" id=60]
extents = Vector3( 1000, 0.8, 1000 )

[node name="World_Cheat" type="Spatial"]
script = ExtResource( 1 )

[node name="WorldEnvironment" parent="." instance=ExtResource( 9 )]
environment = ExtResource( 3 )

[node name="Player" parent="." groups=["player"] instance=ExtResource( 8 )]
transform = Transform( 1, 0, 1.74846e-07, 0, 1, 0, -1.74846e-07, 0, 1, 0, 17.7217, 44.185 )

[node name="DirectionalLight" type="DirectionalLight" parent="."]

[node name="Env" parent="." instance=ExtResource( 16 )]

[node name="Environment_2" parent="." instance=ExtResource( 12 )]

[node name="Death" type="Area" parent="."]
transform = Transform( 1, 0, 0, 0, 1, 0, 0, 0, 1, 0, -10.4023, 0 )
monitorable = false

[node name="WaterCollisionShape" type="CollisionShape" parent="Death"]
transform = Transform( 1, 0, 0, 0, 1, 0, 0, 0, 1, 0, -4.33513, 0 )
shape = SubResource( 60 )

[node name="Score" type="Area" parent="."]
transform = Transform( 1, 0, 0, 0, 1, 0, 0, 0, 1, 0, -7.16223, 0 )
monitorable = false

[node name="WaterCollisionShape" type="CollisionShape" parent="Score"]
transform = Transform( 1, 0, 0, 0, 1, 0, 0, 0, 1, 0, -4.33513, 0 )
shape = SubResource( 60 )

[node name="GUI" parent="." instance=ExtResource( 7 )]

[node name="GameScore" type="Label" parent="."]
visible = false
margin_left = 21.0
margin_top = 21.0
margin_right = 162.0
margin_bottom = 69.0
theme = ExtResource( 4 )
script = ExtResource( 6 )

[node name="Graves" parent="." instance=ExtResource( 17 )]
transform = Transform( 0.665293, 0.00853497, -0.746534, -0.0128278, 0.999918, 0, 0.746472, 0.0095764, 0.665348, 36.6011, 1.37258, -34.8568 )
npc = "graves"

[node name="RedFlower" parent="." instance=ExtResource( 13 )]
transform = Transform( 0.889807, 0, -0.456337, 0, 1, 0, 0.456337, 0, 0.889807, 28.9179, 1.00588, 18.5212 )

[node name="Urn" parent="." instance=ExtResource( 14 )]
transform = Transform( -0.173665, 0, -0.984805, 0, 1, 0, 0.984805, 0, -0.173665, 37.0715, 1.17157, 0.43279 )
script = ExtResource( 5 )
dialog_index = 1

[node name="CellarGate1" parent="." instance=ExtResource( 10 )]
transform = Transform( -0.965926, 0, 0.258819, 0, 1, 0, -0.258819, 0, -0.965926, 30, 1.35184, 14 )
gate = "wall"

[node name="Rock1" parent="." instance=ExtResource( 15 )]
transform = Transform( 0.258819, 0, 0.965926, 0, 1, 0, -0.965926, 0, 0.258819, 16.7693, 2.5842, 29.5685 )

[node name="Spider1" parent="." instance=ExtResource( 11 )]
transform = Transform( 0.739807, 0, -0.672819, 0, 1, 0, 0.672819, 0, 0.739807, 32.143, 1.5959, 23.2447 )
script = ExtResource( 2 )
npc = "cellar_spider"

[node name="castle_perimeter" parent="." instance=ExtResource( 18 )]

[connection signal="body_entered" from="Death" to="Player" method="_on_Death_body_entered"]
[connection signal="body_entered" from="Score" to="GameScore" method="_on_Score_body_entered"]

[editable path="Environment_2"]
[editable path="GUI"]
[editable path="CellarGate1"]
[editable path="CellarGate1/cellar_wall"]
